Model room
Parent None
Location 0.000000 0.000000 0.950000
Rotation 0.000000 -0.000000 0.000000
BoundBox (-119.398270 -119.563004 -59.544964) (-119.398270 -119.563004 75.455040) (-119.398270 123.436996 75.455040) (-119.398270 123.436996 -59.544964) (126.226753 -119.563004 -59.544964) (126.226753 -119.563004 75.455040) (126.226753 123.436996 75.455040) (126.226753 123.436996 -59.544964) 
Matrix 0.017000 0.000000 0.000000 0.000000 0.000000 0.017000 0.000000 0.000000 0.000000 0.000000 0.017000 0.950000 0.000000 0.000000 0.000000 1.000000
Model bed
Parent room
Location -1.424500 -0.976600 0.465700
Rotation 0.000000 0.000000 1.570796
BoundBox (-39.560921 -22.302490 -17.624701) (-39.560921 -22.302490 17.877001) (-39.560921 23.221411 17.877001) (-39.560921 23.221411 -17.624701) (36.282681 -22.302490 -17.624701) (36.282681 -22.302490 17.877001) (36.282681 23.221411 17.877001) (36.282681 23.221411 -17.624701) 
Matrix -0.000000 -0.025000 0.000000 -1.424500 0.025000 -0.000000 0.000000 -0.976600 0.000000 0.000000 0.025000 0.465700 0.000000 0.000000 0.000000 1.000000
Model doll
Parent bed
Location -1.029968 -1.663963 0.547126
Rotation -1.570796 0.000000 3.141593
BoundBox (-49.862560 -30.653530 -83.220840) (-49.862560 -30.653530 82.765259) (-49.862560 26.011370 82.765259) (-49.862560 26.011370 -83.220840) (50.334438 -30.653530 -83.220840) (50.334438 -30.653530 82.765259) (50.334438 26.011370 82.765259) (50.334438 26.011370 -83.220840) 
Matrix -0.002000 -0.000000 0.000000 -1.029968 -0.000000 0.000000 -0.002000 -1.663963 -0.000000 -0.002000 -0.000000 0.547126 0.000000 0.000000 0.000000 1.000000
Model bookshelf
Parent room
Location 1.895400 0.000000 0.676800
Rotation 0.000000 0.000000 3.141593
BoundBox (-7.808023 -14.950480 -27.775221) (-7.808023 -14.950480 32.974770) (-7.808023 15.174520 32.974770) (-7.808023 15.174520 -27.775221) (10.566980 -14.950480 -27.775221) (10.566980 -14.950480 32.974770) (10.566980 15.174520 32.974770) (10.566980 15.174520 -27.775221) 
Matrix -0.025000 0.000000 0.000000 1.895400 -0.000000 -0.025000 0.000000 0.000000 0.000000 0.000000 0.025000 0.676800 0.000000 0.000000 0.000000 1.000000
Model bookshelf1
Parent room
Location 1.854000 -0.008559 0.612563
Rotation 0.000000 0.000000 0.000000
BoundBox (-1.000000 -1.000000 -1.000000) (-1.000000 -1.000000 1.000000) (-1.000000 1.000000 1.000000) (-1.000000 1.000000 -1.000000) (1.000000 -1.000000 -1.000000) (1.000000 -1.000000 1.000000) (1.000000 1.000000 1.000000) (1.000000 1.000000 -1.000000) 
Matrix 0.190000 0.000000 0.000000 1.854000 0.000000 0.350000 0.000000 -0.008559 0.000000 0.000000 0.002000 0.612563 0.000000 0.000000 0.000000 1.000000
Model book
Parent bookshelf1
Location 1.789469 0.290000 0.789859
Rotation 1.570796 -0.000000 0.000000
BoundBox (-129.937500 -188.000000 -28.531250) (-129.937500 -188.000000 28.531250) (-129.937500 188.000000 28.531250) (-129.937500 188.000000 -28.531250) (129.937500 -188.000000 -28.531250) (129.937500 -188.000000 28.531250) (129.937500 188.000000 28.531250) (129.937500 188.000000 -28.531250) 
Matrix 0.000800 -0.000000 0.000000 1.789469 0.000000 -0.000000 -0.000800 0.290000 0.000000 0.000800 -0.000000 0.789859 0.000000 0.000000 0.000000 1.000000
Model book1
Parent bookshelf1
Location 1.789469 0.210000 0.789859
Rotation 1.570796 -0.000000 0.000000
BoundBox (-129.937500 -188.000000 -28.531250) (-129.937500 -188.000000 28.531250) (-129.937500 188.000000 28.531250) (-129.937500 188.000000 -28.531250) (129.937500 -188.000000 -28.531250) (129.937500 -188.000000 28.531250) (129.937500 188.000000 28.531250) (129.937500 188.000000 -28.531250) 
Matrix 0.000800 -0.000000 0.000000 1.789469 0.000000 -0.000000 -0.000800 0.210000 0.000000 0.000800 -0.000000 0.789859 0.000000 0.000000 0.000000 1.000000
Model book2
Parent bookshelf1
Location 1.797712 0.130000 0.777318
Rotation 1.570796 -0.000000 0.000000
BoundBox (-129.937500 -188.000000 -28.531250) (-129.937500 -188.000000 28.531250) (-129.937500 188.000000 28.531250) (-129.937500 188.000000 -28.531250) (129.937500 -188.000000 -28.531250) (129.937500 -188.000000 28.531250) (129.937500 188.000000 28.531250) (129.937500 188.000000 -28.531250) 
Matrix 0.000750 -0.000000 0.000000 1.797712 0.000000 -0.000000 -0.000800 0.130000 0.000000 0.000750 -0.000000 0.777318 0.000000 0.000000 0.000000 1.000000
Model book3
Parent bookshelf1
Location 1.797712 0.050000 0.777318
Rotation 1.570796 -0.000000 0.000000
BoundBox (-129.937500 -188.000000 -28.531250) (-129.937500 -188.000000 28.531250) (-129.937500 188.000000 28.531250) (-129.937500 188.000000 -28.531250) (129.937500 -188.000000 -28.531250) (129.937500 -188.000000 28.531250) (129.937500 188.000000 28.531250) (129.937500 188.000000 -28.531250) 
Matrix 0.000750 -0.000000 0.000000 1.797712 0.000000 -0.000000 -0.000800 0.050000 0.000000 0.000750 -0.000000 0.777318 0.000000 0.000000 0.000000 1.000000
Model book4
Parent bookshelf1
Location 1.789469 -0.030000 0.779403
Rotation 1.570796 -0.000000 0.000000
BoundBox (-129.937500 -188.000000 -28.531250) (-129.937500 -188.000000 28.531250) (-129.937500 188.000000 28.531250) (-129.937500 188.000000 -28.531250) (129.937500 -188.000000 -28.531250) (129.937500 -188.000000 28.531250) (129.937500 188.000000 28.531250) (129.937500 188.000000 -28.531250) 
Matrix 0.000750 -0.000000 0.000000 1.789469 0.000000 -0.000000 -0.000800 -0.030000 0.000000 0.000750 -0.000000 0.779403 0.000000 0.000000 0.000000 1.000000
Model book5
Parent bookshelf1
Location 1.789469 -0.110000 0.766898
Rotation 1.570796 -0.000000 0.000000
BoundBox (-129.937500 -188.000000 -28.531250) (-129.937500 -188.000000 28.531250) (-129.937500 188.000000 28.531250) (-129.937500 188.000000 -28.531250) (129.937500 -188.000000 -28.531250) (129.937500 -188.000000 28.531250) (129.937500 188.000000 28.531250) (129.937500 188.000000 -28.531250) 
Matrix 0.000700 -0.000000 0.000000 1.789469 0.000000 -0.000000 -0.000800 -0.110000 0.000000 0.000700 -0.000000 0.766898 0.000000 0.000000 0.000000 1.000000
Model book6
Parent bookshelf1
Location 1.789469 -0.190000 0.763678
Rotation 1.570796 -0.000000 0.000000
BoundBox (-129.937500 -188.000000 -28.531250) (-129.937500 -188.000000 28.531250) (-129.937500 188.000000 28.531250) (-129.937500 188.000000 -28.531250) (129.937500 -188.000000 -28.531250) (129.937500 -188.000000 28.531250) (129.937500 188.000000 28.531250) (129.937500 188.000000 -28.531250) 
Matrix 0.000700 -0.000000 0.000000 1.789469 0.000000 -0.000000 -0.000800 -0.190000 0.000000 0.000700 -0.000000 0.763678 0.000000 0.000000 0.000000 1.000000
Model book7
Parent bookshelf1
Location 1.778894 -0.270000 0.758965
Rotation 1.570796 -0.000000 0.000000
BoundBox (-129.937500 -188.000000 -28.531250) (-129.937500 -188.000000 28.531250) (-129.937500 188.000000 28.531250) (-129.937500 188.000000 -28.531250) (129.937500 -188.000000 -28.531250) (129.937500 -188.000000 28.531250) (129.937500 188.000000 28.531250) (129.937500 188.000000 -28.531250) 
Matrix 0.000650 -0.000000 0.000000 1.778894 0.000000 -0.000000 -0.000800 -0.270000 0.000000 0.000650 -0.000000 0.758965 0.000000 0.000000 0.000000 1.000000
Model bookshelf2
Parent room
Location 1.854000 -0.008559 1.106000
Rotation 0.000000 0.000000 0.000000
BoundBox (-1.000000 -1.000000 -1.000000) (-1.000000 -1.000000 1.000000) (-1.000000 1.000000 1.000000) (-1.000000 1.000000 -1.000000) (1.000000 -1.000000 -1.000000) (1.000000 -1.000000 1.000000) (1.000000 1.000000 1.000000) (1.000000 1.000000 -1.000000) 
Matrix 0.190000 0.000000 0.000000 1.854000 0.000000 0.350000 0.000000 -0.008559 0.000000 0.000000 0.002000 1.106000 0.000000 0.000000 0.000000 1.000000
Model trophy
Parent bookshelf2
Location 1.756122 0.182579 1.157842
Rotation 0.000000 0.000000 -1.570796
BoundBox (-10.422650 -2.579062 -6.630183) (-10.422650 -2.579062 12.661940) (-10.422650 9.232007 12.661940) (-10.422650 9.232007 -6.630183) (10.443550 -2.579062 -6.630183) (10.443550 -2.579062 12.661940) (10.443550 9.232007 12.661940) (10.443550 9.232007 -6.630183) 
Matrix -0.000000 0.008000 0.000000 1.756122 -0.004000 -0.000000 0.000000 0.182579 0.000000 0.000000 0.008000 1.157842 0.000000 0.000000 0.000000 1.000000
Model wine
Parent bookshelf2
Location 1.741594 0.039498 1.214538
Rotation 0.000000 0.000000 -1.570796
BoundBox (-137.654694 -63.312679 -495.178802) (-137.654694 -63.312679 107.262199) (-137.654694 64.246719 107.262199) (-137.654694 64.246719 -495.178802) (137.936295 -63.312679 -495.178802) (137.936295 -63.312679 107.262199) (137.936295 64.246719 107.262199) (137.936295 64.246719 -495.178802) 
Matrix -0.000000 0.000200 0.000000 1.741594 -0.000200 -0.000000 0.000000 0.039498 0.000000 0.000000 0.000200 1.214538 0.000000 0.000000 0.000000 1.000000
Model wine1
Parent bookshelf2
Location 1.730677 -0.285841 1.325493
Rotation 0.000000 -0.000000 0.000000
BoundBox (-1.804711 -1.804834 -10.667830) (-1.804711 -1.804834 4.633867) (-1.804711 1.801365 4.633867) (-1.804711 1.801365 -10.667830) (1.801469 -1.804834 -10.667830) (1.801469 -1.804834 4.633867) (1.801469 1.801365 4.633867) (1.801469 1.801365 -10.667830) 
Matrix 0.020000 0.000000 0.000000 1.730677 0.000000 0.020000 0.000000 -0.285841 0.000000 0.000000 0.020000 1.325493 0.000000 0.000000 0.000000 1.000000
Model wine2
Parent bookshelf2
Location 1.742125 -0.129413 1.209644
Rotation 0.000000 -0.000000 0.000000
BoundBox (-1.500004 -1.499914 -4.033075) (-1.500004 -1.499914 7.192824) (-1.500004 1.500086 7.192824) (-1.500004 1.500086 -4.033075) (1.499996 -1.499914 -4.033075) (1.499996 -1.499914 7.192824) (1.499996 1.500086 7.192824) (1.499996 1.500086 -4.033075) 
Matrix 0.025000 0.000000 0.000000 1.742126 0.000000 0.025000 0.000000 -0.129413 0.000000 0.000000 0.025000 1.209644 0.000000 0.000000 0.000000 1.000000
Model desk
Parent room
Location 0.000000 1.647620 0.300000
Rotation 0.000000 -0.000000 0.000000
BoundBox (-35.433041 -18.052370 -14.173250) (-35.433041 -18.052370 14.173250) (-35.433041 18.052370 14.173250) (-35.433041 18.052370 -14.173250) (35.433041 -18.052370 -14.173250) (35.433041 -18.052370 14.173250) (35.433041 18.052370 14.173250) (35.433041 18.052370 -14.173250) 
Matrix 0.020000 0.000000 0.000000 0.000000 0.000000 0.020000 0.000000 1.647620 0.000000 0.000000 0.025000 0.300000 0.000000 0.000000 0.000000 1.000000
Model alarmclock
Parent desk
Location 0.188464 1.746042 0.704365
Rotation 0.000000 -0.000000 0.000000
BoundBox (-2.509507 -0.849849 -1.543960) (-2.509507 -0.849849 1.331040) (-2.509507 1.400151 1.331040) (-2.509507 1.400151 -1.543960) (2.490493 -0.849849 -1.543960) (2.490493 -0.849849 1.331040) (2.490493 1.400151 1.331040) (2.490493 1.400151 -1.543960) 
Matrix 0.020000 0.000000 0.000000 0.188464 0.000000 0.020000 0.000000 1.746042 0.000000 -0.000000 0.020000 0.704365 0.000000 0.000000 0.000000 1.000000
Model calendar
Parent desk
Location -0.497255 1.815744 0.703608
Rotation 0.000000 -0.000000 0.523599
BoundBox (-2.998128 -1.935154 -2.246132) (-2.998128 -1.935154 2.321738) (-2.998128 1.626085 2.321738) (-2.998128 1.626085 -2.246132) (3.001872 -1.935154 -2.246132) (3.001872 -1.935154 2.321738) (3.001872 1.626085 2.321738) (3.001872 1.626085 -2.246132) 
Matrix 0.017321 -0.010000 0.000000 -0.497255 0.010000 0.017321 0.000000 1.815744 -0.000000 -0.000000 0.025000 0.703608 0.000000 0.000000 0.000000 1.000000
Model cellphone
Parent desk
Location 0.632399 1.421123 0.662806
Rotation -1.570796 -1.570796 0.000000
BoundBox (-3.182485 -10.507840 -25.571581) (-3.182485 -10.507840 20.621500) (-3.182485 11.315150 20.621500) (-3.182485 11.315150 -25.571581) (2.634164 -10.507840 -25.571581) (2.634164 -10.507840 20.621500) (2.634164 11.315150 20.621500) (2.634164 11.315150 -25.571581) 
Matrix -0.000000 0.003000 0.000000 0.632399 0.000000 -0.000000 0.003000 1.421123 0.003000 0.000000 -0.000000 0.662806 0.000000 0.000000 0.000000 1.000000
Model headphones
Parent desk
Location -0.301433 1.416828 0.698910
Rotation -1.570796 0.000000 0.000000
BoundBox (-3.780377 -1.870391 -4.022422) (-3.780377 -1.870391 4.998318) (-3.780377 1.870389 4.998318) (-3.780377 1.870389 -4.022422) (3.782333 -1.870391 -4.022422) (3.782333 -1.870391 4.998318) (3.782333 1.870389 4.998318) (3.782333 1.870389 -4.022422) 
Matrix 0.020000 0.000000 0.000000 -0.301433 0.000000 -0.000000 0.020000 1.416828 0.000000 -0.020000 -0.000000 0.698910 0.000000 0.000000 0.000000 1.000000
Model jarofpencils
Parent desk
Location -0.624547 1.738054 0.710578
Rotation 0.000000 -0.000000 0.000000
BoundBox (-2.466789 -2.051870 -2.961605) (-2.466789 -2.051870 4.257046) (-2.466789 1.962540 4.257046) (-2.466789 1.962540 -2.961605) (2.327916 -2.051870 -2.961605) (2.327916 -2.051870 4.257046) (2.327916 1.962540 4.257046) (2.327916 1.962540 -2.961605) 
Matrix 0.020000 0.000000 0.000000 -0.624547 0.000000 0.020000 0.000000 1.738054 0.000000 -0.000000 0.020000 0.710578 0.000000 0.000000 0.000000 1.000000
Model keyboard
Parent desk
Location -0.003819 1.445915 0.663829
Rotation 0.000000 -0.000000 0.000000
BoundBox (-7.613728 -3.237960 -0.475295) (-7.613728 -3.237960 0.359954) (-7.613728 3.459170 0.359954) (-7.613728 3.459170 -0.475295) (8.135073 -3.237960 -0.475295) (8.135073 -3.237960 0.359954) (8.135073 3.459170 0.359954) (8.135073 3.459170 -0.475295) 
Matrix 0.020000 0.000000 0.000000 -0.003819 0.000000 0.020000 0.000000 1.445915 0.000000 -0.000000 0.025000 0.663829 0.000000 0.000000 0.000000 1.000000
Model leftspeaker
Parent desk
Location 0.346000 1.870000 0.788496
Rotation 0.000000 -0.000000 0.000000
BoundBox (-9.176575 -7.444900 -29.260031) (-9.176575 -7.444900 29.834471) (-9.176575 8.950104 29.834471) (-9.176575 8.950104 -29.260031) (9.181427 -7.444900 -29.260031) (9.181427 -7.444900 29.834471) (9.181427 8.950104 29.834471) (9.181427 8.950104 -29.260031) 
Matrix 0.005000 0.000000 0.000000 0.346000 0.000000 0.005000 0.000000 1.870000 0.000000 -0.000000 0.005000 0.788496 0.000000 0.000000 0.000000 1.000000
Model memo
Parent desk
Location -0.545772 1.487559 0.655100
Rotation 0.000000 -0.000000 0.000000
BoundBox (-4.250000 -6.019589 -0.107039) (-4.250000 -6.019589 0.142961) (-4.250000 5.980411 0.142961) (-4.250000 5.980411 -0.107039) (4.250000 -6.019589 -0.107039) (4.250000 -6.019589 0.142961) (4.250000 5.980411 0.142961) (4.250000 5.980411 -0.107039) 
Matrix 0.025000 0.000000 0.000000 -0.545772 0.000000 0.025000 0.000000 1.487559 0.000000 -0.000000 0.025000 0.655100 0.000000 0.000000 0.000000 1.000000
Model memo1
Parent memo
Location -0.540566 1.470581 0.665100
Rotation 0.000000 -0.000000 0.000000
BoundBox (-4.250000 -6.019589 -0.107039) (-4.250000 -6.019589 0.142961) (-4.250000 5.980411 0.142961) (-4.250000 5.980411 -0.107039) (4.250000 -6.019589 -0.107039) (4.250000 -6.019589 0.142961) (4.250000 5.980411 0.142961) (4.250000 5.980411 -0.107039) 
Matrix 0.020000 0.000000 0.000000 -0.540566 0.000000 0.020000 0.000000 1.470581 0.000000 0.000000 0.025000 0.665100 0.000000 0.000000 0.000000 1.000000
Model memo2
Parent memo1
Location -0.523969 1.448972 0.675100
Rotation 0.000000 -0.000000 0.000000
BoundBox (-4.250000 -6.019589 -0.107039) (-4.250000 -6.019589 0.142961) (-4.250000 5.980411 0.142961) (-4.250000 5.980411 -0.107039) (4.250000 -6.019589 -0.107039) (4.250000 -6.019589 0.142961) (4.250000 5.980411 0.142961) (4.250000 5.980411 -0.107039) 
Matrix 0.015000 0.000000 0.000000 -0.523969 0.000000 0.015000 0.000000 1.448972 0.000000 0.000000 0.025000 0.675100 0.000000 0.000000 0.000000 1.000000
Model monitor
Parent desk
Location -0.004000 1.900000 0.861578
Rotation 0.000000 -0.000000 0.000000
BoundBox (-9.903498 -4.314100 -8.266701) (-9.903498 -4.314100 8.266701) (-9.903498 4.314100 8.266701) (-9.903498 4.314100 -8.266701) (9.903498 -4.314100 -8.266701) (9.903498 -4.314100 8.266701) (9.903498 4.314100 8.266701) (9.903498 4.314100 -8.266701) 
Matrix 0.025000 0.000000 0.000000 -0.004000 0.000000 0.025000 0.000000 1.900000 0.000000 -0.000000 0.025000 0.861578 0.000000 0.000000 0.000000 1.000000
Model mouse
Parent desk
Location 0.268214 1.443218 0.663380
Rotation 0.000000 -0.000000 0.000000
BoundBox (-1.395895 -2.318545 -0.574474) (-1.395895 -2.318545 0.985666) (-1.395895 2.336644 0.985666) (-1.395895 2.336644 -0.574474) (1.395906 -2.318545 -0.574474) (1.395906 -2.318545 0.985666) (1.395906 2.336644 0.985666) (1.395906 2.336644 -0.574474) 
Matrix 0.020000 0.000000 0.000000 0.268214 0.000000 0.020000 0.000000 1.443218 0.000000 -0.000000 0.020000 0.663380 0.000000 0.000000 0.000000 1.000000
Model rightspeaker
Parent desk
Location -0.341361 1.872000 0.788000
Rotation 0.000000 -0.000000 0.000000
BoundBox (-9.176575 -7.444900 -29.260031) (-9.176575 -7.444900 29.834471) (-9.176575 8.950104 29.834471) (-9.176575 8.950104 -29.260031) (9.181427 -7.444900 -29.260031) (9.181427 -7.444900 29.834471) (9.181427 8.950104 29.834471) (9.181427 8.950104 -29.260031) 
Matrix 0.005000 0.000000 0.000000 -0.341361 0.000000 0.005000 0.000000 1.872000 0.000000 -0.000000 0.005000 0.788000 0.000000 0.000000 0.000000 1.000000
Model stapler
Parent desk
Location 0.525993 1.589466 0.687295
Rotation 0.000000 -0.000000 0.000000
BoundBox (-0.753398 -1.888395 -0.896058) (-0.753398 -1.888395 1.243942) (-0.753398 5.361606 1.243942) (-0.753398 5.361606 -0.896058) (0.746602 -1.888395 -0.896058) (0.746602 -1.888395 1.243942) (0.746602 5.361606 1.243942) (0.746602 5.361606 -0.896058) 
Matrix 0.025000 0.000000 0.000000 0.525993 0.000000 0.025000 0.000000 1.589466 0.000000 -0.000000 0.025000 0.687295 0.000000 0.000000 0.000000 1.000000
Model tapedispenser
Parent desk
Location 0.636901 1.628643 0.700603
Rotation 0.000000 -0.000000 0.000000
BoundBox (-1.372901 -3.537516 -1.679609) (-1.372901 -3.537516 1.445391) (-1.372901 3.962484 1.445391) (-1.372901 3.962484 -1.679609) (1.377099 -3.537516 -1.679609) (1.377099 -3.537516 1.445391) (1.377099 3.962484 1.445391) (1.377099 3.962484 -1.679609) 
Matrix 0.025000 0.000000 0.000000 0.636901 0.000000 0.025000 0.000000 1.628643 0.000000 -0.000000 0.025000 0.700603 0.000000 0.000000 0.000000 1.000000
Model tissuebox
Parent desk
Location 0.584680 1.877369 0.720000
Rotation 0.000000 -0.000000 0.000000
BoundBox (-19.191641 -39.457741 -22.518970) (-19.191641 -39.457741 37.542931) (-19.191641 40.354759 37.542931) (-19.191641 40.354759 -22.518970) (20.433371 -39.457741 -22.518970) (20.433371 -39.457741 37.542931) (20.433371 40.354759 37.542931) (20.433371 40.354759 -22.518970) 
Matrix 0.003000 0.000000 0.000000 0.584680 0.000000 0.001500 0.000000 1.877370 0.000000 -0.000000 0.003000 0.720000 0.000000 0.000000 0.000000 1.000000
Model usb
Parent desk
Location 0.397589 1.403927 0.658231
Rotation 0.000000 -0.000000 3.141593
BoundBox (-75.324219 -289.618103 -33.257130) (-75.324219 -289.618103 26.326571) (-75.324219 330.953888 26.326571) (-75.324219 330.953888 -33.257130) (79.053772 -289.618103 -33.257130) (79.053772 -289.618103 26.326571) (79.053772 330.953888 26.326571) (79.053772 330.953888 -33.257130) 
Matrix -0.000100 0.000000 0.000000 0.397589 -0.000000 -0.000100 0.000000 1.403927 0.000000 0.000000 0.000100 0.658231 0.000000 0.000000 0.000000 1.000000
Model wallet
Parent desk
Location 0.507565 1.415717 0.657517
Rotation 0.000000 -0.000000 0.000000
BoundBox (-1.574795 -2.076902 -0.185868) (-1.574795 -2.076902 0.185946) (-1.574795 2.061717 0.185946) (-1.574795 2.061717 -0.185868) (1.574802 -2.076902 -0.185868) (1.574802 -2.076902 0.185946) (1.574802 2.061717 0.185946) (1.574802 2.061717 -0.185868) 
Matrix 0.025000 0.000000 0.000000 0.507565 0.000000 0.025000 0.000000 1.415717 0.000000 -0.000000 0.025000 0.657517 0.000000 0.000000 0.000000 1.000000
Pairwise wallet cellphone 
Pairwise tapedispenser stapler 
Pairwise keyboard mouse
Pairwise leftspeaker rightspeaker